время 1000

1   73074   117009
2   36574   58509
3   24383   38970
4   18324   29259
5   14674   23409
6   12192   19431
7   10440   16623
8   9199   14634
9   8177   12996
10   7374   11709
11   6644   10539
12   6133   9720
13   5622   8901
14   5257   8316
15   4892   7731
16   4600   7263
17   4308   6795
18   4089   6444
19   3870   6093
20   3724   5859
21   3505   5508
22   3359   5274
23   3213   5040
24   3067   4806
25   2994   4689
26   2848   4455
27   2775   4338
28   2629   4104
29   2556   3987
30   2483   3870
31   2410   3753
32   2337   3636
33   2264   3519
34   2191   3402
35   2118   3285
36   2045   3168
37   2045   3168
38   1972   3051
39   1899   2934
40   1899   2934
41   1826   2817
42   1753   2700
43   1753   2700
44   1680   2583
45   1680   2583
46   1607   2466
47   1607   2466
48   1534   2349
49   1534   2349
50   1534   2349
51   1461   2232
52   1461   2232
53   1388   2115
54   1388   2115
55   1388   2115
56   1315   1998
57   1315   1998
58   1315   1998
59   1242   1881
60   1242   1881
61   1242   1881
62   1242   1881
63   1169   1764
64   1169   1764
65   1169   1764
66   1169   1764
67   1096   1647
68   1096   1647
69   1096   1647
70   1096   1647
71   1096   1647
72   1023   1530
73   1023   1530
74   1023   1530
75   1023   1530
76   1023   1530
77   950   1413
78   950   1413
79   950   1413
80   950   1413
81   950   1413
82   950   1413
83   950   1413
84   877   1296
85   877   1296
86   877   1296
87   877   1296
88   877   1296
89   877   1296
90   877   1296
91   804   1179
92   804   1179
93   804   1179
94   804   1179
95   804   1179
96   804   1179
97   804   1179
98   804   1179
99   804   1179
100   804   1179
101   731   1062
102   731   1062
103   731   1062
104   731   1062
105   731   1062
106   731   1062
107   731   1062
108   731   1062
109   731   1062
110   731   1062
111   731   1062
112   658   945
113   658   945
114   658   945
115   658   945
116   658   945
117   658   945
118   658   945
119   658   945
120   658   945
121   658   945
122   658   945
123   658   945
124   658   945
125   658   945
126   585   828
127   585   828
128   585   828
129   585   828
130   585   828
131   585   828
132   585   828
133   585   828
134   585   828
135   585   828
136   585   828
137   585   828
138   585   828
139   585   828
140   585   828
141   585   828
142   585   828
143   512   711
144   512   711
145   512   711