10   276   379
20   526   749
30   776   1119
40   1026   1489
50   1276   1859
60   1526   2229
70   1776   2599
80   2026   2969
90   2276   3339
100   2526   3709
110   2776   4079
120   3026   4449
130   3276   4819
140   3526   5189
150   3776   5559
160   4026   5929
170   4276   6299
180   4526   6669
190   4776   7039
200   5026   7409
210   5276   7779
220   5526   8149
230   5776   8519
240   6026   8889
250   6276   9259
260   6526   9629
270   6776   9999
280   7026   10369
290   7276   10739
300   7526   11109
310   7776   11479
320   8026   11849
330   8276   12219
340   8526   12589
350   8776   12959
360   9026   13329
370   9276   13699
380   9526   14069
390   9776   14439
400   10026   14809
410   10276   15179
420   10526   15549
430   10776   15919
440   11026   16289
450   11276   16659
460   11526   17029
470   11776   17399
480   12026   17769
490   12276   18139